310,35
170,5
170,4
170,3
170,1
167,3
167,1
159,3
159,1
156,3
156,1
154,3
154,1
153,3
153,1
151,3
151,1
150,4
150,3
149,4
149,1
146,4
146,3
146,1
145,5
145,4
145,3
145,1
144,6
144,5
144,4
144,3
143,5
143,3
140,4
140,1
139,4
139,1
121,16
121,15
121,3
121,1
119,3
119,1
115,4
115,3
115,1
114,5
114,4
114,3
114,1
113,3
113,1
109,3
109,1
108,4
108,3
108,1
107,4
107,3
107,1
106,3
105,6
105,4
105,3
105,1
103,6
103,4
103,1
101,6
101,5
101,1
100,4
100,3
100,1
98,3
98,1
96,3
96,1
92,3
92,1
91,4
91,3
91,1
90,5
90,4
90,1
89,4
89,3
89,1
88,3
88,1
79,4
79,1
77,3
77,1
73,3
73,1
69,2
65,5
65,1
64,3
64,1
63,6
63,5
63,4
63,3
63,1
20,3
20,2
20,1
19,3
19,2
19,1
18,3
18,1
14,4
14,3
14,1
13,4
13,3
13,1
12,3
12,2
12,1
11,26
11,25
11,23
11,22
11,12
11,8
11,6
11,5
11,3
11,2
11,1
10,240
10,126
